Estadística para .---  65536 

    O.     P.     C.                 %P.     %C.     C/P.
---------------------------------------------------------
    0      0      1     ***        0,00  100,00  --------   Falso
    1      1   6541     ***        0,02   99,98  6.541,00   Falso
    2    861   5681     ***       13,16   86,84      6,60   Verdadero
    3      0   5681     ***        0,00  100,00  --------   Falso
    4    859   4822     ***       15,12   84,88      5,61   Verdadero
    5      0   4822     ***        0,00  100,00  --------   Falso
    6   1377   3445     ***       28,56   71,44      2,50   Verdadero
    7      0   3445     ***        0,00  100,00  --------   Falso
    8    540   2905     ***       15,67   84,33      5,38   Falso
    9      0   2905     ***        0,00  100,00  --------   Falso
   10    625   2280     ***       21,51   78,49      3,65   Verdadero
   11      0   2280     ***        0,00  100,00  --------   Falso
   12    647   1633     ***       28,38   71,62      2,52   Verdadero
   13      0   1633     ***        0,00  100,00  --------   Falso
   14    329   1304     ***       20,15   79,85      3,96   Falso
   15      0   1304     ***        0,00  100,00  --------   Falso
   16    224   1079     ***       17,19   82,81      4,82   Verdadero
   17      0   1079     ***        0,00  100,00  --------   Falso
   18    358    721     ***       33,18   66,82      2,01   Verdadero
   19      0    721     ***        0,00  100,00  --------   Falso
   20    142    579     ***       19,69   80,31      4,08   Falso
   21      0    579     ***        0,00  100,00  --------   Falso
   22    145    434     ***       25,04   74,96      2,99   Verdadero
   23      0    434     ***        0,00  100,00  --------   Falso
   24    112    322     ***       25,81   74,19      2,88   Verdadero
   25      0    322     ***        0,00  100,00  --------   Falso
   26     52    270     ***       16,15   83,85      5,19   Falso
   27      0    270     ***        0,00  100,00  --------   Falso
   28     60    210     ***       22,22   77,78      3,50   Verdadero
   29      0    210     ***        0,00  100,00  --------   Falso
   30     91    119     ***       43,33   56,67      1,31   Verdadero
   31      0    119     ***        0,00  100,00  --------   Falso
   32     19    100     ***       15,97   84,03      5,26   Falso
   33      0    100     ***        0,00  100,00  --------   Falso
   34     21     79     ***       21,00   79,00      3,76   Verdadero
   35      0     79     ***        0,00  100,00  --------   Falso
   36     25     54     ***       31,65   68,35      2,16   Verdadero
   37      0     54     ***        0,00  100,00  --------   Falso
   38     10     44     ***       18,52   81,48      4,40   Falso
   39      0     44     ***        0,00  100,00  --------   Falso
   40     15     29     ***       34,09   65,91      1,93   Verdadero
   41      0     29     ***        0,00  100,00  --------   Falso
   42      8     21     ***       27,59   72,41      2,63   Falso
   43      0     21     ***        0,00  100,00  --------   Falso
   44      3     18     ***       14,29   85,71      6,00   Falso
   45      0     18     ***        0,00  100,00  --------   Falso
   46      0     18     ***        0,00  100,00  --------   Falso
   47      0     18     ***        0,00  100,00  --------   Falso
   48      1     17     ***        5,56   94,44     17,00   Verdadero
   49      0     17     ***        0,00  100,00  --------   Falso
   50      3     14     ***       17,65   82,35      4,67   Falso
   51      0     14     ***        0,00  100,00  --------   Falso
   52      6      8     ***       42,86   57,14      1,33   Verdadero
   53      0      8     ***        0,00  100,00  --------   Falso
   54      3      5     ***       37,50   62,50      1,67   Falso
   55      0      5     ***        0,00  100,00  --------   Falso
   56      0      5     ***        0,00  100,00  --------   Falso
   57      0      5     ***        0,00  100,00  --------   Falso
   58      2      3     ***       40,00   60,00      1,50   Falso
   59      0      3     ***        0,00  100,00  --------   Falso
   60      1      2     ***       33,33   66,67      2,00   Falso
   61      0      2     ***        0,00  100,00  --------   Falso
   62      1      1     ***       50,00   50,00      1,00   Falso
   63      0      1     ***        0,00  100,00  --------   Falso
   64      0      1     ***        0,00  100,00  --------   Falso
   65      0      1     ***        0,00  100,00  --------   Falso
   66      0      1     ***        0,00  100,00  --------   Falso
   67      0      1     ***        0,00  100,00  --------   Falso
   68      0      1     ***        0,00  100,00  --------   Falso
   69      0      1     ***        0,00  100,00  --------   Falso
   70      0      1     ***        0,00  100,00  --------   Falso
   71      0      1     ***        0,00  100,00  --------   Falso
   72      1      0     ***      100,00    0,00      0,00   Falso
   73      0      0     ***        0,00    0,00  --------   Falso
---------------------------------------------------------
T.      6542    58994              9,98   90,02      9,02
