Estadística para .---  800000 

    O.     P.     C.                 %P.     %C.     C/P.
---------------------------------------------------------
    0      0      1     ***        0,00  100,00  --------   Falso
    1      1  63950     ***        0,00  100,00  63.950,00   Falso
    2   6767  57183     ***       10,58   89,42      8,45   Verdadero
    3      0  57183     ***        0,00  100,00  --------   Falso
    4   6797  50386     ***       11,89   88,11      7,41   Verdadero
    5      0  50386     ***        0,00  100,00  --------   Falso
    6  11165  39221     ***       22,16   77,84      3,51   Verdadero
    7      0  39221     ***        0,00  100,00  --------   Falso
    8   4588  34633     ***       11,70   88,30      7,55   Falso
    9      0  34633     ***        0,00  100,00  --------   Falso
   10   5816  28817     ***       16,79   83,21      4,95   Verdadero
   11      0  28817     ***        0,00  100,00  --------   Falso
   12   6532  22285     ***       22,67   77,33      3,41   Verdadero
   13      0  22285     ***        0,00  100,00  --------   Falso
   14   3469  18816     ***       15,57   84,43      5,42   Falso
   15      0  18816     ***        0,00  100,00  --------   Falso
   16   2337  16479     ***       12,42   87,58      7,05   Verdadero
   17      0  16479     ***        0,00  100,00  --------   Falso
   18   3948  12531     ***       23,96   76,04      3,17   Verdadero
   19      0  12531     ***        0,00  100,00  --------   Falso
   20   1931  10600     ***       15,41   84,59      5,49   Falso
   21      0  10600     ***        0,00  100,00  --------   Falso
   22   1725   8875     ***       16,27   83,73      5,14   Verdadero
   23      0   8875     ***        0,00  100,00  --------   Falso
   24   2160   6715     ***       24,34   75,66      3,11   Verdadero
   25      0   6715     ***        0,00  100,00  --------   Falso
   26    926   5789     ***       13,79   86,21      6,25   Falso
   27      0   5789     ***        0,00  100,00  --------   Falso
   28    967   4822     ***       16,70   83,30      4,99   Verdadero
   29      0   4822     ***        0,00  100,00  --------   Falso
   30   1498   3324     ***       31,07   68,93      2,22   Verdadero
   31      0   3324     ***        0,00  100,00  --------   Falso
   32    421   2903     ***       12,67   87,33      6,90   Falso
   33      0   2903     ***        0,00  100,00  --------   Falso
   34    433   2470     ***       14,92   85,08      5,70   Verdadero
   35      0   2470     ***        0,00  100,00  --------   Falso
   36    586   1884     ***       23,72   76,28      3,22   Verdadero
   37      0   1884     ***        0,00  100,00  --------   Falso
   38    260   1624     ***       13,80   86,20      6,25   Falso
   39      0   1624     ***        0,00  100,00  --------   Falso
   40    332   1292     ***       20,44   79,56      3,89   Verdadero
   41      0   1292     ***        0,00  100,00  --------   Falso
   42    346    946     ***       26,78   73,22      2,73   Verdadero
   43      0    946     ***        0,00  100,00  --------   Falso
   44    149    797     ***       15,75   84,25      5,35   Falso
   45      0    797     ***        0,00  100,00  --------   Falso
   46    116    681     ***       14,55   85,45      5,87   Verdadero
   47      0    681     ***        0,00  100,00  --------   Falso
   48    144    537     ***       21,15   78,85      3,73   Verdadero
   49      0    537     ***        0,00  100,00  --------   Falso
   50     78    459     ***       14,53   85,47      5,88   Falso
   51      0    459     ***        0,00  100,00  --------   Falso
   52     54    405     ***       11,76   88,24      7,50   Verdadero
   53      0    405     ***        0,00  100,00  --------   Falso
   54    107    298     ***       26,42   73,58      2,79   Verdadero
   55      0    298     ***        0,00  100,00  --------   Falso
   56     39    259     ***       13,09   86,91      6,64   Falso
   57      0    259     ***        0,00  100,00  --------   Falso
   58     40    219     ***       15,44   84,56      5,48   Verdadero
   59      0    219     ***        0,00  100,00  --------   Falso
   60     77    142     ***       35,16   64,84      1,84   Verdadero
   61      0    142     ***        0,00  100,00  --------   Falso
   62     14    128     ***        9,86   90,14      9,14   Falso
   63      0    128     ***        0,00  100,00  --------   Falso
   64     13    115     ***       10,16   89,84      8,85   Verdadero
   65      0    115     ***        0,00  100,00  --------   Falso
   66     33     82     ***       28,70   71,30      2,48   Verdadero
   67      0     82     ***        0,00  100,00  --------   Falso
   68     10     72     ***       12,20   87,80      7,20   Falso
   69      0     72     ***        0,00  100,00  --------   Falso
   70     21     51     ***       29,17   70,83      2,43   Verdadero
   71      0     51     ***        0,00  100,00  --------   Falso
   72     10     41     ***       19,61   80,39      4,10   Falso
   73      0     41     ***        0,00  100,00  --------   Falso
   74      8     33     ***       19,51   80,49      4,13   Falso
   75      0     33     ***        0,00  100,00  --------   Falso
   76      5     28     ***       15,15   84,85      5,60   Falso
   77      0     28     ***        0,00  100,00  --------   Falso
   78     10     18     ***       35,71   64,29      1,80   Verdadero
   79      0     18     ***        0,00  100,00  --------   Falso
   80      2     16     ***       11,11   88,89      8,00   Falso
   81      0     16     ***        0,00  100,00  --------   Falso
   82      3     13     ***       18,75   81,25      4,33   Falso
   83      0     13     ***        0,00  100,00  --------   Falso
   84      3     10     ***       23,08   76,92      3,33   Verdadero
   85      0     10     ***        0,00  100,00  --------   Falso
   86      2      8     ***       20,00   80,00      4,00   Falso
   87      0      8     ***        0,00  100,00  --------   Falso
   88      1      7     ***       12,50   87,50      7,00   Falso
   89      0      7     ***        0,00  100,00  --------   Falso
   90      2      5     ***       28,57   71,43      2,50   Verdadero
   91      0      5     ***        0,00  100,00  --------   Falso
   92      0      5     ***        0,00  100,00  --------   Falso
   93      0      5     ***        0,00  100,00  --------   Falso
   94      0      5     ***        0,00  100,00  --------   Falso
   95      0      5     ***        0,00  100,00  --------   Falso
   96      1      4     ***       20,00   80,00      4,00   Falso
   97      0      4     ***        0,00  100,00  --------   Falso
   98      1      3     ***       25,00   75,00      3,00   Falso
   99      0      3     ***        0,00  100,00  --------   Falso
  100      1      2     ***       33,33   66,67      2,00   Falso
  101      0      2     ***        0,00  100,00  --------   Falso
  102      0      2     ***        0,00  100,00  --------   Falso
  103      0      2     ***        0,00  100,00  --------   Falso
  104      0      2     ***        0,00  100,00  --------   Falso
  105      0      2     ***        0,00  100,00  --------   Falso
  106      0      2     ***        0,00  100,00  --------   Falso
  107      0      2     ***        0,00  100,00  --------   Falso
  108      0      2     ***        0,00  100,00  --------   Falso
  109      0      2     ***        0,00  100,00  --------   Falso
  110      0      2     ***        0,00  100,00  --------   Falso
  111      0      2     ***        0,00  100,00  --------   Falso
  112      1      1     ***       50,00   50,00      1,00   Falso
  113      0      1     ***        0,00  100,00  --------   Falso
  114      1      0     ***      100,00    0,00      0,00   Falso
  115      0      0     ***        0,00    0,00  --------   Falso
---------------------------------------------------------
T.     63951   736049              7,99   92,01     11,51
